00100000000100000000000000000000
00100001010011010000000000000000
00100010000100000000000000000001
00100001101010100000000000000000

000100 10000 01000 0000000000001100 <-- branch

00100000000100010000000000000000
00000001000100000101100000100010

000100 10001 01011 1111111111111010 <-- branch 

100011 01010100110000000000000000
100011 01010101000000000000000100

ble
00000010100100110000100000101010
000100 00001 00000 0000000000000010 <-- branch

101011 01010100110000000000000100
101011 01010101000000000000000000

00100010001100010000000000000001
00100001010010100000000000000100

000100 00000 00000 1111111111110110

00100000000100010000000000000000
