00100000000100001111111111111111
00100000000100110000000000000000
00100000000101000000000000000000
00100000000010110000000000000100
00100001111110000000000000000000
00100010000100000000000000000001
00010010000010010000000000011011
00000010000010000000000000011011
00000000000000000101000000010000
00010010000000000000000000000011
00010101010000000000000000000010
00100000000100110000000000000001
00100000000101000000000000000000
00100000000100010000000000000000
00100000000010100000000000000000
00010010001010000000000000001110
01110010011010001011100000000010
00000010111100011011100000100000
01110010001010001011000000000010
00000010110101001011000000100000
01110010110010111011000000000010
01110010111010111011100000000010
00000010111011011011100000100000
00000010110011101011000000100000
10001110110101100000000000000000
10001110111101110000000000000000
01110010110101111011000000000010
00000001010101100101000000100000
00100010001100010000000000000001
00010000000000001111111111110001
10101101111010100000000000000000
00100001111011110000000000000100
00100010100101000000000000000001
00010000000000001111111111100011
00100000000100010000000000000000
00100011000011110000000000000000
